{
 "cells": [
  {
   "cell_type": "code",
   "execution_count": 110,
   "metadata": {},
   "outputs": [],
   "source": [
    "import numpy as np\n"
   ]
  },
  {
   "cell_type": "code",
   "execution_count": 111,
   "metadata": {},
   "outputs": [
    {
     "name": "stdout",
     "output_type": "stream",
     "text": [
      "Matrix A\n",
      "[[6.81  0.88  1.19  1.165]\n",
      " [0.88  3.61  1.3   0.16 ]\n",
      " [1.19  1.3   5.99  2.1  ]\n",
      " [1.165 0.16  2.1   5.55 ]]\n"
     ]
    }
   ],
   "source": [
    "A = np.loadtxt(\"A.txt\", delimiter=' ', dtype=np.float)\n",
    "epsilon = 10 **(-5)\n",
    "U,L = np.zeros(A.shape), np.zeros(A.shape)\n",
    "print(\"Matrix A\")\n",
    "print(A)"
   ]
  },
  {
   "cell_type": "code",
   "execution_count": 113,
   "metadata": {},
   "outputs": [],
   "source": [
    "def qr(A):\n",
    "    m, n = A.shape\n",
    "    Q = np.eye(m)\n",
    "    for i in range(n - (m == n)):\n",
    "        H = np.eye(m)\n",
    "        H[i:, i:] = make_householder(A[i:, i])\n",
    "        Q = np.dot(Q, H)\n",
    "        A = np.dot(H, A)\n",
    "    return Q, A\n",
    " \n",
    "def make_householder(a):\n",
    "    v = a / (a[0] + np.copysign(np.linalg.norm(a), a[0]))\n",
    "    v[0] = 1\n",
    "    H = np.eye(a.shape[0])\n",
    "    H -= (2 / np.dot(v, v)) * np.dot(v[:, None], v[None, :])\n",
    "    return H\n",
    "\n"
   ]
  },
  {
   "cell_type": "code",
   "execution_count": 188,
   "metadata": {},
   "outputs": [
    {
     "name": "stdout",
     "output_type": "stream",
     "text": [
      "Matrix q\n",
      "[[-0.9638139   0.1675163   0.1719312  -0.1159341 ]\n",
      " [-0.1245457  -0.94283319  0.290915    0.10451035]\n",
      " [-0.16841976 -0.28692393 -0.88471677 -0.32647464]\n",
      " [-0.16488153  0.02604863 -0.32106755  0.93222915]]\n",
      "Matrix r\n",
      "[[-7.06567937e+00 -1.54309295e+00 -2.66393350e+00 -2.41154447e+00]\n",
      " [ 1.11081560e-16 -3.62504678e+00 -2.69031094e+00 -4.13667142e-01]\n",
      " [-1.54842977e-17  2.05980778e-16 -5.39090766e+00 -3.39298386e+00]\n",
      " [-6.92832623e-18  8.35177784e-17  2.22044605e-16  4.36993344e+00]]\n"
     ]
    }
   ],
   "source": [
    "Q,R = qr(A)\n",
    "print(\"Matrix q\")\n",
    "print(Q)\n",
    "print(\"Matrix r\")\n",
    "print(R)"
   ]
  },
  {
   "cell_type": "code",
   "execution_count": 190,
   "metadata": {},
   "outputs": [
    {
     "name": "stdout",
     "output_type": "stream",
     "text": [
      "\n",
      "Iteration: 1\n",
      "\n",
      "Matrix Q\n",
      "\n",
      "[[-0.9638139   0.1675163   0.1719312  -0.1159341 ]\n",
      " [-0.1245457  -0.94283319  0.290915    0.10451035]\n",
      " [-0.16841976 -0.28692393 -0.88471677 -0.32647464]\n",
      " [-0.16488153  0.02604863 -0.32106755  0.93222915]]\n",
      "\n",
      "Matrix R\n",
      "\n",
      "[[-7.06567937e+00 -1.54309295e+00 -2.66393350e+00 -2.41154447e+00]\n",
      " [ 1.11081560e-16 -3.62504678e+00 -2.69031094e+00 -4.13667142e-01]\n",
      " [-1.54842977e-17  2.05980778e-16 -5.39090766e+00 -3.39298386e+00]\n",
      " [-6.92832623e-18  8.35177784e-17  2.22044605e-16  4.36993344e+00]]\n",
      "\n",
      "Criterion of convergence: [1.03846376 0.56895352 0.1311966  1.47622068]\n",
      "\n",
      "\n",
      "Frobenious norm: 12.059745022180195\n",
      "\n",
      "Vector of disconnection:\n",
      " [[ 0.4987791  -0.70004284 -1.00731108  0.47228995]\n",
      " [-0.56560051  0.31500928 -1.70441379 -0.42575212]\n",
      " [-1.34209715 -1.49126918 -0.20752606  1.32998563]\n",
      " [-1.11747778 -0.52252318 -1.51191222  0.57223763]]\n",
      "\n",
      "Iteration: 2\n",
      "\n",
      "Matrix Q\n",
      "\n",
      "[[-0.97186084  0.16256528  0.160467    0.05752713]\n",
      " [-0.12045899 -0.94592766  0.27375798 -0.12556693]\n",
      " [-0.18170244 -0.27347584 -0.91181258  0.24656237]\n",
      " [ 0.08922083 -0.06327994  0.26058534  0.95923437]]\n",
      "\n",
      "Matrix R\n",
      "\n",
      "[[-8.07570735e+00 -1.70364894e+00 -2.79150172e+00  1.30493694e+00]\n",
      " [ 8.90696226e-17 -4.20088537e+00 -2.65445111e+00 -9.88973778e-02]\n",
      " [ 2.86116038e-16 -9.03092391e-19 -5.07302989e+00  2.25642238e+00]\n",
      " [-7.44968767e-17 -3.34984870e-18 -2.22044605e-16  3.50602841e+00]]\n",
      "\n",
      "Criterion of convergence: [0.82887006 0.52696662 0.6451603  0.71067637]\n",
      "\n",
      "\n",
      "Frobenious norm: 12.059745022180197\n",
      "\n",
      "Vector of disconnection:\n",
      " [[-0.72520336  0.52113787  0.408289    0.08217771]\n",
      " [ 0.27829035 -0.51800889  1.4508628  -0.58602297]\n",
      " [ 1.03019385  1.20186132  0.53967632  0.55361692]\n",
      " [ 0.80871766  0.75713696  1.04021472  0.57018066]]\n",
      "\n",
      "Iteration: 3\n",
      "\n",
      "Matrix Q\n",
      "\n",
      "[[-0.98494959  0.13524323  0.10536706 -0.02194   ]\n",
      " [-0.11118491 -0.9640712   0.21911608  0.10095934]\n",
      " [-0.1274814  -0.2207124  -0.94803174 -0.19044778]\n",
      " [-0.03550662  0.05968277 -0.20523585  0.97624561]]\n",
      "\n",
      "Matrix R\n",
      "\n",
      "[[-8.80992686e+00 -1.63879725e+00 -1.94165750e+00 -5.19317136e-01]\n",
      " [ 1.59177021e-18 -4.69229931e+00 -2.14414553e+00  2.55267712e-01]\n",
      " [ 6.62524778e-18 -6.62254117e-18 -4.73916452e+00 -1.57202310e+00]\n",
      " [ 1.31171949e-18  3.22875643e-17  2.22044605e-16  3.07995564e+00]]\n",
      "\n",
      "Criterion of convergence: [0.44817394 0.30626507 0.39812922 0.35630978]\n",
      "\n",
      "\n",
      "Frobenious norm: 12.059745022180193\n",
      "\n",
      "Vector of disconnection:\n",
      " [[ 0.6360097  -0.32932536  0.06670614 -0.02495324]\n",
      " [-0.10979415  0.50353415 -1.00125957 -0.48042584]\n",
      " [-0.63830248 -0.7700149  -0.51433973  0.1477248 ]\n",
      " [-0.49122995 -0.77670404 -0.68574586  0.43825481]]\n",
      "\n",
      "Iteration: 4\n",
      "\n",
      "Matrix Q\n",
      "\n",
      "[[-0.99366444  0.09632907  0.05745151  0.0071431 ]\n",
      " [-0.08558518 -0.97958414  0.17019794 -0.06420865]\n",
      " [-0.07186353 -0.1719144  -0.97226049  0.14138814]\n",
      " [ 0.01190794 -0.03976256  0.14980494  0.98784393]]\n",
      "\n",
      "Matrix R\n",
      "\n",
      "[[-9.18369162e+00 -1.27621430e+00 -1.09086991e+00  1.74164574e-01]\n",
      " [-2.31114024e-17 -5.00514451e+00 -1.67187738e+00 -2.01489597e-01]\n",
      " [-1.33496426e-16  1.13512341e-16 -4.57665444e+00  1.09001815e+00]\n",
      " [ 5.32528147e-18  8.57893219e-18  0.00000000e+00  2.86828447e+00]]\n",
      "\n",
      "Criterion of convergence: [0.18969273 0.18620652 0.20252347 0.17337578]\n",
      "\n",
      "\n",
      "Frobenious norm: 12.059745022180186\n",
      "\n",
      "Vector of disconnection:\n",
      " [[-0.44985734  0.18196203 -0.28516465 -0.02997149]\n",
      " [ 0.037432   -0.42504893  0.65212397 -0.32337457]\n",
      " [ 0.36531812  0.42557291  0.40065849 -0.00722277]\n",
      " [ 0.28116714  0.68489269  0.43256586  0.30541795]]\n",
      "\n",
      "Iteration: 5\n",
      "\n",
      "Matrix Q\n",
      "\n",
      "[[-0.99760989  0.06287527  0.02857542 -0.00215561]\n",
      " [-0.05848598 -0.98837212  0.13563384  0.03610273]\n",
      " [-0.03661299 -0.13660279 -0.98505721 -0.09829277]\n",
      " [-0.00365786  0.02251523 -0.10222137  0.99450011]]\n",
      "\n",
      "Matrix R\n",
      "\n",
      "[[-9.33751815e+00 -8.75644388e-01 -5.55005848e-01 -5.34996061e-02]\n",
      " [-1.15754472e-16 -5.20773372e+00 -1.33378362e+00  1.19970825e-01]\n",
      " [-2.84869295e-17 -1.52936630e-19 -4.47737592e+00 -7.27391383e-01]\n",
      " [ 6.65491701e-18  1.51015871e-18  5.55111512e-17  2.77140801e+00]]\n",
      "\n",
      "Criterion of convergence: [0.07172903 0.13368681 0.12816404 0.07725181]\n",
      "\n",
      "\n",
      "Frobenious norm: 12.059745022180179\n",
      "\n",
      "Vector of disconnection:\n",
      " [[ 0.28993371 -0.0981278   0.34681852 -0.01646212]\n",
      " [-0.0109831   0.34595736 -0.41266998 -0.2023618 ]\n",
      " [-0.20626883 -0.19824396 -0.30453215 -0.04736017]\n",
      " [-0.16036565 -0.56052161 -0.28108096  0.20196375]]\n",
      "\n",
      "Iteration: 6\n",
      "\n",
      "Matrix Q\n",
      "\n",
      "[[-9.99136074e-01  3.92746298e-02  1.35724324e-02  6.30229261e-04]\n",
      " [-3.75702633e-02 -9.93146961e-01  1.09020119e-01 -1.90316531e-02]\n",
      " [-1.77317708e-02 -1.09443108e-01 -9.91672575e-01  6.55232373e-02]\n",
      " [ 1.07901842e-03 -1.17823745e-02  6.72004985e-02  9.97669336e-01]]\n",
      "\n",
      "Matrix R\n",
      "\n",
      "[[-9.39504614e+00 -5.63484420e-01 -2.68639976e-01  1.57816401e-02]\n",
      " [-5.73317808e-17 -5.34755529e+00 -1.07211804e+00 -6.38386693e-02]\n",
      " [-1.31743308e-17 -3.24770777e-19 -4.39936232e+00  4.72818823e-01]\n",
      " [ 1.95039746e-18 -4.86808839e-18  0.00000000e+00  2.72998540e+00]]\n",
      "\n",
      "Criterion of convergence: [0.02595075 0.09691784 0.09032573 0.03254286]\n",
      "\n",
      "\n",
      "Frobenious norm: 12.059745022180179\n",
      "\n",
      "Vector of disconnection:\n",
      " [[-0.17930994  0.05765881 -0.33136735 -0.00619458]\n",
      " [ 0.00224312 -0.27591551  0.2550686  -0.12436843]\n",
      " [ 0.11741372  0.06526389  0.23050436 -0.04727554]\n",
      " [ 0.09254801  0.43834351  0.19574009  0.13022556]]\n",
      "\n",
      "Iteration: 7\n",
      "\n",
      "Matrix Q\n",
      "\n",
      "[[-9.99692542e-01  2.39838707e-02  6.28993073e-03 -1.81980765e-04]\n",
      " [-2.33491904e-02 -9.95910907e-01  8.67334549e-02  9.67405999e-03]\n",
      " [-8.33905467e-03 -8.68969379e-02 -9.95264651e-01 -4.27511016e-02]\n",
      " [-3.12847798e-04  5.92962561e-03 -4.34283192e-02  9.99038900e-01]]\n",
      "\n",
      "Matrix R\n",
      "\n",
      "[[-9.41577523e+00 -3.50504371e-01 -1.26309987e-01 -4.57568772e-03]\n",
      " [ 2.73673102e-17 -5.44306960e+00 -8.52860560e-01  3.23130966e-02]\n",
      " [-5.73421184e-18 -2.58609919e-19 -4.33988723e+00 -3.03641322e-01]\n",
      " [ 4.56592516e-19  5.98463204e-18  2.77555756e-17  2.71285038e+00]]\n",
      "\n",
      "Criterion of convergence: [0.00923873 0.06611858 0.06197764 0.01337967]\n",
      "\n",
      "\n",
      "Frobenious norm: 12.059745022180175\n",
      "\n",
      "Vector of disconnection:\n",
      " [[ 1.08773961e-01 -3.85441741e-02  2.84563944e-01 -9.78658952e-04]\n",
      " [ 2.85412803e-04  2.16409322e-01 -1.55000431e-01 -7.66129019e-02]\n",
      " [-6.76228917e-02  3.73623768e-03 -1.73640895e-01 -3.69897336e-02]\n",
      " [-5.40413515e-02 -3.32867696e-01 -1.44606018e-01  8.30723469e-02]]\n",
      "\n",
      "Iteration: 8\n",
      "\n",
      "Matrix Q\n",
      "\n",
      "[[-9.99891176e-01  1.44695174e-02  2.87521797e-03  5.22965651e-05]\n",
      " [-1.42408100e-02 -9.97574489e-01  6.79645393e-02 -4.81252121e-03]\n",
      " [-3.85068387e-03 -6.80236345e-02 -9.97294471e-01  2.75988470e-02]\n",
      " [ 9.00664602e-05 -2.92537944e-03  2.78620440e-02  9.99607493e-01]]\n",
      "\n",
      "Matrix R\n",
      "\n",
      "[[-9.42314447e+00 -2.13877294e-01 -5.83202846e-02  1.31730509e-03]\n",
      " [-3.37211811e-21 -5.50542264e+00 -6.68256356e-01 -1.59737669e-02]\n",
      " [-4.17507132e-20 -5.54715057e-17 -4.29847082e+00  1.94099543e-01]\n",
      " [ 1.09616645e-19  2.19818359e-18 -1.38777878e-17  2.70585026e+00]]\n",
      "\n",
      "Criterion of convergence: [0.00327048 0.04245817 0.04027379 0.00545486]\n",
      "\n",
      "\n",
      "Frobenious norm: 12.059745022180174\n",
      "\n",
      "Vector of disconnection:\n",
      " [[-0.06535518  0.02833229 -0.23077046  0.00107286]\n",
      " [-0.0007889  -0.16765916  0.09319539 -0.04756436]\n",
      " [ 0.03933241 -0.03432161  0.13048105 -0.02640365]\n",
      " [ 0.03181751  0.24838218  0.11025978  0.05278044]]\n",
      "\n",
      "Iteration: 9\n",
      "\n",
      "Matrix Q\n",
      "\n",
      "[[-9.99961554e-01  8.67119607e-03  1.30405280e-03 -1.50011147e-05]\n",
      " [-8.59066570e-03 -9.98577278e-01  5.25740908e-02  2.36338955e-03]\n",
      " [-1.75790052e-03 -5.25945863e-02 -9.98457132e-01 -1.77221601e-02]\n",
      " [-2.58553756e-05  1.42829581e-03 -1.78218993e-02  9.99840157e-01]]\n",
      "\n",
      "Matrix R\n",
      "\n",
      "[[-9.42575186e+00 -1.29054613e-01 -2.66232056e-02 -3.78158726e-04]\n",
      " [-1.38493653e-17 -5.54435254e+00 -5.16912313e-01  7.80459470e-03]\n",
      " [ 9.04071262e-19  4.27815657e-21 -4.27160612e+00 -1.23894504e-01]\n",
      " [ 3.58974580e-20 -2.40519312e-19 -1.38777878e-17  2.70300106e+00]]\n",
      "\n",
      "Criterion of convergence: [0.00115548 0.02608927 0.02502555 0.00221919]\n",
      "\n",
      "\n",
      "Frobenious norm: 12.059745022180172\n",
      "\n",
      "Vector of disconnection:\n",
      " [[ 0.03907105 -0.02172828  0.18117686  0.0015823 ]\n",
      " [ 0.00071026  0.12884604 -0.05568067 -0.02976084]\n",
      " [-0.02304088  0.04406084 -0.09810228 -0.01803276]\n",
      " [-0.01882706 -0.18371234 -0.08498077  0.03349804]]\n",
      "\n",
      "Iteration: 10\n",
      "\n",
      "Matrix Q\n",
      "\n",
      "[[-9.99986426e-01  5.17695504e-03  5.88801853e-04  4.29999034e-06]\n",
      " [-5.14902324e-03 -9.99173685e-01  4.03002327e-02 -1.15181350e-03]\n",
      " [-7.96915522e-04 -4.03071467e-02 -9.99122566e-01  1.13488340e-02]\n",
      " [ 7.41376182e-06 -6.93490005e-04  1.13860328e-02  9.99934937e-01]]\n",
      "\n",
      "Matrix R\n",
      "\n",
      "[[-9.42667291e+00 -7.73637941e-02 -1.20690196e-02  1.08433108e-04]\n",
      " [-6.98183102e-18 -5.56786487e+00 -3.96228214e-01 -3.79036076e-03]\n",
      " [-9.24456925e-19  1.37263216e-21 -4.25497665e+00  7.90574291e-02]\n",
      " [ 5.68457269e-21  1.20694390e-19  1.38777878e-17  2.70184202e+00]]\n",
      "\n",
      "Criterion of convergence: [0.00040797 0.01557511 0.0150803  0.00090278]\n",
      "\n",
      "\n",
      "Frobenious norm: 12.059745022180168\n",
      "\n",
      "Vector of disconnection:\n",
      " [[-0.02329401  0.01682855 -0.13963848  0.00146733]\n",
      " [-0.00051808 -0.09852331  0.03312414 -0.0187374 ]\n",
      " [ 0.01356254 -0.04357084  0.07392531 -0.01202163]\n",
      " [ 0.01117135  0.13546462  0.06551571  0.02126327]]\n",
      "\n",
      "Iteration: 11\n",
      "\n",
      "Matrix Q\n",
      "\n",
      "[[-9.99995209e-01  3.08425643e-03  2.65169952e-04 -1.23223396e-06]\n",
      " [-3.07465830e-03 -9.99523418e-01  3.07110819e-02  5.58844415e-04]\n",
      " [-3.59758538e-04 -3.07133692e-02 -9.99501823e-01 -7.25710653e-03]\n",
      " [-2.12483476e-06  3.35700580e-04 -7.27084620e-03  9.99973511e-01]]\n",
      "\n",
      "Matrix R\n",
      "\n",
      "[[-9.42699809e+00 -4.62005850e-02 -5.44839072e-03 -3.10776690e-05]\n",
      " [ 1.04393033e-17 -5.58175563e+00 -3.01946293e-01  1.83497675e-03]\n",
      " [ 8.47882001e-19  2.26785191e-21 -4.24498234e+00 -5.04488739e-02]\n",
      " [-4.11599870e-21 -3.12123402e-19  6.93889390e-18  2.70137036e+00]]\n",
      "\n",
      "Criterion of convergence: [0.00014401 0.00913235 0.00890894 0.00036742]\n",
      "\n",
      "\n",
      "Frobenious norm: 12.059745022180175\n",
      "\n",
      "Vector of disconnection:\n",
      " [[ 0.01386665 -0.01299021  0.10650994  0.0011651 ]\n",
      " [ 0.00034675  0.07510275 -0.01962529 -0.01185052]\n",
      " [-0.00800868  0.0387217  -0.05585409 -0.00789993]\n",
      " [-0.00663805 -0.09992241 -0.05032736  0.01350555]]\n",
      "\n",
      "Iteration: 12\n",
      "\n",
      "Matrix Q\n",
      "\n",
      "[[-9.99998309e-01  1.83529506e-03  1.19244519e-04  3.53079913e-07]\n",
      " [-1.83201531e-03 -9.99726350e-01  2.33194389e-02 -2.70444434e-04]\n",
      " [-1.62008863e-04 -2.33201849e-02 -9.99717280e-01  4.63709743e-03]\n",
      " [ 6.08878424e-07 -1.62234855e-04  4.64214308e-03  9.99989212e-01]]\n",
      "\n",
      "Matrix R\n",
      "\n",
      "[[-9.42711288e+00 -2.75296841e-02 -2.45354973e-03  8.90540879e-06]\n",
      " [-2.40199219e-21 -5.58984910e+00 -2.29272122e-01 -8.86821248e-04]\n",
      " [-1.02951142e-19  2.77547071e-17 -4.23908580e+00  3.21966576e-02]\n",
      " [ 2.17161357e-21 -2.51558361e-19  0.00000000e+00  2.70117834e+00]]\n",
      "\n",
      "Criterion of convergence: [5.08323050e-05 5.29637734e-03 5.19760428e-03 1.49605370e-04]\n",
      "\n",
      "\n",
      "Frobenious norm: 12.059745022180175\n",
      "\n",
      "Vector of disconnection:\n",
      " [[-0.00824753  0.00996037 -0.08077678  0.00085656]\n",
      " [-0.00022207 -0.05713409  0.01156727 -0.00751844]\n",
      " [ 0.0047389  -0.03253239  0.04229619 -0.00514459]\n",
      " [ 0.00394682  0.07386125  0.03849125  0.00858473]]\n",
      "\n",
      "Iteration: 13\n",
      "\n",
      "Matrix Q\n",
      "\n",
      "[[-9.99999403e-01  1.09135415e-03  5.35779053e-05 -1.01166095e-07]\n",
      " [-1.09023713e-03 -9.99843292e-01  1.76687922e-02  1.30683363e-04]\n",
      " [-7.28522223e-05 -1.76690329e-02 -9.99839501e-01 -2.96177687e-03]\n",
      " [-1.74462973e-07  7.83316060e-05 -2.96362354e-03  9.99995605e-01]]\n",
      "\n",
      "Matrix R\n",
      "\n",
      "[[-9.42715339e+00 -1.63834507e-02 -1.10331233e-03 -2.55168197e-06]\n",
      " [-3.46913614e-18 -5.59452509e+00 -1.73715830e-01  4.28187221e-04]\n",
      " [ 4.82395792e-20  1.38774704e-17 -4.23564714e+00 -2.05501760e-02]\n",
      " [ 4.14708451e-22  1.27701203e-19 -1.73472348e-18  2.70110013e+00]]\n",
      "\n",
      "Criterion of convergence: [1.79422255e-05 3.05156240e-03 3.00856810e-03 6.09365264e-05]\n",
      "\n",
      "\n",
      "Frobenious norm: 12.059745022180174\n",
      "\n",
      "Vector of disconnection:\n",
      " [[ 0.004903   -0.00758915  0.0610744   0.00060213]\n",
      " [ 0.00013866  0.04340342 -0.00676698 -0.0047801 ]\n",
      " [-0.00280786  0.02643594 -0.03208143 -0.0033304 ]\n",
      " [-0.00234717 -0.05475256 -0.02932298  0.00546095]]\n",
      "\n",
      "Iteration: 14\n",
      "\n",
      "Matrix Q\n",
      "\n",
      "[[-9.99999789e-01  6.48720191e-04  2.40615348e-05  2.89861127e-08]\n",
      " [-6.48340489e-04 -9.99910399e-01  1.33704807e-02 -6.30947499e-05]\n",
      " [-3.27330437e-05 -1.33705578e-02 -9.99908821e-01  1.89131006e-03]\n",
      " [ 4.99876501e-08 -3.78013125e-05  1.89198461e-03  9.99998209e-01]]\n",
      "\n",
      "Matrix R\n",
      "\n",
      "[[-9.42716769e+00 -9.74304166e-03 -4.95726213e-04  7.31115508e-07]\n",
      " [ 8.67311598e-19 -5.59721301e+00 -1.31455660e-01 -2.06635638e-04]\n",
      " [-9.54861695e-21  3.49952754e-23 -4.23365659e+00  1.31175604e-02]\n",
      " [-2.08822389e-24  1.84990341e-20  0.00000000e+00  2.70106827e+00]]\n",
      "\n",
      "Criterion of convergence: [6.33303506e-06 1.75132649e-03 1.73283350e-03 2.48260335e-05]\n",
      "\n",
      "\n",
      "Frobenious norm: 12.059745022180177\n",
      "\n",
      "Vector of disconnection:\n",
      " [[-2.91392899e-03  5.75429279e-03 -4.61071172e-02  4.11395432e-04]\n",
      " [-8.52249640e-05 -3.29379386e-02  3.91524861e-03 -3.04339207e-03]\n",
      " [ 1.66515162e-03 -2.10296996e-02  2.43577375e-02 -2.14731453e-03]\n",
      " [ 1.39584799e-03  4.07082960e-02  2.22679838e-02  3.47619960e-03]]\n",
      "\n",
      "Iteration: 15\n",
      "\n",
      "Matrix Q\n",
      "\n",
      "[[-9.99999926e-01  3.85525784e-04  1.08029185e-05 -8.30504935e-09]\n",
      " [-3.85396858e-04 -9.99948814e-01  1.01103991e-02  3.04477404e-05]\n",
      " [-1.47001785e-05 -1.01104235e-02 -9.99948159e-01 -1.20759336e-03]\n",
      " [-1.43224336e-08  1.82369181e-05 -1.20783947e-03  9.99999270e-01]]\n",
      "\n",
      "Matrix R\n",
      "\n",
      "[[-9.42717274e+00 -5.79166701e-03 -2.22627101e-04 -2.09478807e-07]\n",
      " [-1.30114723e-18 -5.59875348e+00 -9.94032195e-02  9.96897222e-05]\n",
      " [-3.77088152e-21  1.63440512e-23 -4.23250980e+00 -8.37359802e-03]\n",
      " [ 4.56441054e-23 -1.35326650e-20  8.67361738e-19  2.70105529e+00]]\n",
      "\n",
      "Criterion of convergence: [2.23536292e-06 1.00277838e-03 9.94897961e-04 1.01157803e-05]\n",
      "\n",
      "\n",
      "Frobenious norm: 12.05974502218017\n",
      "\n",
      "Vector of disconnection:\n",
      " [[ 1.73151667e-03 -4.34822001e-03  3.47839787e-02  2.75775792e-04]\n",
      " [ 5.18533119e-05  2.49752198e-02 -2.22840581e-03 -1.93946285e-03]\n",
      " [-9.88057241e-04  1.64924036e-02 -1.85023335e-02 -1.38065620e-03]\n",
      " [-8.30020456e-04 -3.03509262e-02 -1.68701576e-02  2.21408424e-03]]\n",
      "\n",
      "Iteration: 16\n",
      "\n",
      "Matrix Q\n",
      "\n",
      "[[-9.99999974e-01  2.29084087e-04  4.84942715e-06  2.37954201e-09]\n",
      " [-2.29040338e-04 -9.99970773e-01  7.64197123e-03 -1.46891417e-05]\n",
      " [-6.59993822e-06 -7.64197897e-03 -9.99970502e-01  7.70991761e-04]\n",
      " [ 4.10363518e-09 -8.79681269e-06  7.71081502e-04  9.99999703e-01]]\n",
      "\n",
      "Matrix R\n",
      "\n",
      "[[-9.42717452e+00 -3.44199055e-03 -9.99528691e-05  6.00194508e-08]\n",
      " [ 4.33708968e-19 -5.59963478e+00 -7.51341717e-02 -4.80866465e-05]\n",
      " [ 2.01971986e-21  6.93889129e-18 -4.23185115e+00  5.34545365e-03]\n",
      " [ 1.54927821e-23 -6.06945283e-21  4.33680869e-19  2.70105000e+00]]\n",
      "\n",
      "Criterion of convergence: [7.89014372e-07 5.73385829e-04 5.70052640e-04 4.12220344e-06]\n",
      "\n",
      "\n",
      "Frobenious norm: 12.059745022180177\n",
      "\n",
      "Vector of disconnection:\n",
      " [[-1.02881125e-03  3.27852853e-03 -2.62355840e-02  1.82438490e-04]\n",
      " [-3.13341208e-05 -1.89247195e-02  1.23727435e-03 -1.23671337e-03]\n",
      " [ 5.86511777e-04 -1.28069809e-02  1.40558763e-02 -8.85982416e-04]\n",
      " [ 4.93494111e-04  2.26845437e-02  1.27588578e-02  1.41089296e-03]]\n",
      "\n",
      "Iteration: 17\n",
      "\n",
      "Matrix Q\n",
      "\n",
      "[[-9.99999991e-01  1.36114796e-04  2.17671066e-06 -6.81779763e-10]\n",
      " [-1.36099956e-04 -9.99983316e-01  5.77479486e-03  7.08547581e-06]\n",
      " [-2.96270915e-06 -5.77479730e-03 -9.99983205e-01 -4.92223834e-04]\n",
      " [-1.17576301e-09  4.24286534e-06 -4.92256544e-04  9.99999879e-01]]\n",
      "\n",
      "Matrix R\n",
      "\n",
      "[[-9.42717515e+00 -2.04529985e-03 -4.48687945e-05 -1.71966186e-08]\n",
      " [ 2.16823761e-19 -5.60013845e+00 -5.67765038e-02  2.31930822e-05]\n",
      " [-3.51332239e-21  7.97019488e-25 -4.23147364e+00 -3.41244107e-03]\n",
      " [-2.64941026e-24 -1.61915415e-21  4.33680869e-19  2.70104784e+00]]\n",
      "\n",
      "Criterion of convergence: [2.78498154e-07 3.27594534e-04 3.26193137e-04 1.67989485e-06]\n",
      "\n",
      "\n",
      "Frobenious norm: 12.059745022180177\n",
      "\n",
      "Vector of disconnection:\n",
      " [[ 6.11256429e-04 -2.46881539e-03  1.97881089e-02  1.19564758e-04]\n",
      " [ 1.88456831e-05  1.43320210e-02 -6.60766299e-04 -7.88913503e-04]\n",
      " [-3.48243779e-04  9.87553967e-03 -1.06762892e-02 -5.67752235e-04]\n",
      " [-2.93370953e-04 -1.69901669e-02 -9.63803017e-03  8.99426033e-04]]\n",
      "\n",
      "Iteration: 18\n",
      "\n",
      "Matrix Q\n",
      "\n",
      "[[-9.99999997e-01  8.08719711e-05  9.76986718e-07  1.95341566e-10]\n",
      " [-8.08669385e-05 -9.99990478e-01  4.36321837e-03 -3.41745182e-06]\n",
      " [-1.32983945e-06 -4.36321914e-03 -9.99990432e-01  3.14243651e-04]\n",
      " [ 3.36876319e-10 -2.04630548e-06  3.14255571e-04  9.99999951e-01]]\n",
      "\n",
      "Matrix R\n",
      "\n",
      "[[-9.42717537e+00 -1.21526431e-03 -2.01397738e-05  4.92712670e-09]\n",
      " [-7.12379198e-25 -5.60042612e+00 -4.28981956e-02 -1.11858686e-05]\n",
      " [-1.63266965e-22  5.33751149e-25 -4.23125756e+00  2.17846499e-03]\n",
      " [ 8.78486751e-25  1.69848606e-21  0.00000000e+00  2.70104697e+00]]\n",
      "\n",
      "Criterion of convergence: [9.83014878e-08 1.87075976e-04 1.86489660e-04 6.84617647e-07]\n",
      "\n",
      "\n",
      "Frobenious norm: 12.059745022180179\n",
      "\n",
      "Vector of disconnection:\n",
      " [[-3.63161485e-04  1.85788671e-03 -1.49268551e-02  7.78301197e-05]\n",
      " [-1.12970936e-05 -1.08488629e-02  3.30420583e-04 -5.03387831e-04]\n",
      " [ 2.06807555e-04 -7.57643381e-03  8.10671368e-03 -3.63460052e-04]\n",
      " [ 1.74381237e-04  1.27473529e-02  7.27483820e-03  5.73554089e-04]]\n",
      "\n",
      "Iteration: 19\n",
      "\n",
      "Matrix Q\n",
      "\n",
      "[[-9.99999999e-01  4.80485860e-05  4.38494228e-07 -5.59686920e-11]\n",
      " [-4.80468794e-05 -9.99994566e-01  3.29641993e-03  1.64821328e-06]\n",
      " [-5.96880154e-07 -3.29642017e-03 -9.99994547e-01 -2.00615879e-04]\n",
      " [-9.65208257e-11  9.86890117e-07 -2.00620222e-04  9.99999980e-01]]\n",
      "\n",
      "Matrix R\n",
      "\n",
      "[[-9.42717545e+00 -7.22046811e-04 -9.03946058e-06 -1.41170583e-09]\n",
      " [ 4.01863361e-25 -5.60059037e+00 -3.24096696e-02  5.39470940e-06]\n",
      " [ 1.21908409e-22 -6.93889357e-18 -4.23113400e+00 -1.39071726e-03]\n",
      " [-7.89406828e-26 -2.33559340e-21  2.16840434e-19  2.70104661e+00]]\n",
      "\n",
      "Criterion of convergence: [3.46974929e-08 1.06801202e-04 1.06556888e-04 2.79011329e-07]\n",
      "\n",
      "\n",
      "Frobenious norm: 12.059745022180177\n",
      "\n",
      "Vector of disconnection:\n",
      " [[ 2.15759687e-04 -1.39784525e-03  1.12616506e-02  5.04128438e-05]\n",
      " [ 6.75605564e-06  8.20907219e-03 -1.45328495e-04 -3.21255095e-04]\n",
      " [-1.22829373e-04  5.79085296e-03 -6.15309007e-03 -2.32508235e-04]\n",
      " [-1.03642439e-04 -9.57762979e-03 -5.48840716e-03  3.65840980e-04]]\n",
      "\n",
      "Iteration: 20\n",
      "\n",
      "Matrix Q\n",
      "\n",
      "[[-1.00000000e+00  2.85467997e-05  1.96803054e-07  1.60359843e-11]\n",
      " [-2.85462210e-05 -9.99996899e-01  2.49033747e-03 -7.94898460e-07]\n",
      " [-2.67893607e-07 -2.49033755e-03 -9.99996891e-01  1.28074075e-04]\n",
      " [ 2.76548633e-11 -4.75948323e-07  1.28075657e-04  9.99999992e-01]]\n",
      "\n",
      "Matrix R\n",
      "\n",
      "[[-9.42717548e+00 -4.28991843e-04 -4.05711881e-06  4.04477587e-10]\n",
      " [-1.04737842e-24 -5.60068413e+00 -2.44844456e-02 -2.60171103e-06]\n",
      " [-4.20575582e-22  3.46944694e-18 -4.23106338e+00  8.87827835e-04]\n",
      " [ 5.38649959e-26 -3.36958335e-22  0.00000000e+00  2.70104646e+00]]\n",
      "\n",
      "Criterion of convergence: [1.22471828e-08 6.09622892e-05 6.08608260e-05 1.13710372e-07]\n",
      "\n",
      "\n",
      "Frobenious norm: 12.059745022180175\n",
      "\n",
      "Vector of disconnection:\n",
      " [[-1.28185255e-04  1.05179088e-03 -8.49785681e-03  3.25348040e-05]\n",
      " [-4.03344487e-06 -6.20963452e-03  4.51544478e-05 -2.05043444e-04]\n",
      " [ 7.29583520e-05 -4.41376814e-03  4.66819280e-03 -1.48658304e-04]\n",
      " [ 6.15940330e-05  7.20430636e-03  4.13952663e-03  2.33397390e-04]]\n",
      "\n",
      "Iteration: 21\n",
      "\n",
      "Matrix Q\n",
      "\n",
      "[[-1.00000000e+00  1.69601994e-05  8.83274389e-08 -4.59458274e-12]\n",
      " [-1.69600032e-05 -9.99998230e-01  1.88131923e-03  3.83356315e-07]\n",
      " [-1.20234831e-07 -1.88131925e-03 -9.99998227e-01 -8.17627565e-05]\n",
      " [-7.92358969e-12  2.29533790e-07 -8.17633330e-05  9.99999997e-01]]\n",
      "\n",
      "Matrix R\n",
      "\n",
      "[[-9.42717549e+00 -2.54874553e-04 -1.82089823e-06 -1.15889504e-10]\n",
      " [ 6.52448603e-26 -5.60073764e+00 -1.84967133e-02  1.25471730e-06]\n",
      " [ 3.46803126e-23 -6.42637711e-27 -4.23102304e+00 -5.66786665e-04]\n",
      " [ 1.57602601e-26  7.85975060e-23  0.00000000e+00  2.70104640e+00]]\n",
      "\n",
      "Criterion of convergence: [4.32289227e-09 3.47939004e-05 3.47518806e-05 4.63426546e-08]\n",
      "\n",
      "\n",
      "Frobenious norm: 12.059745022180177\n",
      "\n",
      "Vector of disconnection:\n",
      " [[ 7.61561090e-05 -7.91595414e-04  6.41337674e-03  2.09400392e-05]\n",
      " [ 2.40500636e-06  4.69596359e-03  6.05204537e-06 -1.30880128e-04]\n",
      " [-4.33385078e-05  3.35712016e-03 -3.54004414e-03 -9.50102810e-05]\n",
      " [-3.66024389e-05 -5.42403518e-03 -3.12177997e-03  1.48924609e-04]]\n",
      "\n",
      "Iteration: 22\n",
      "\n",
      "Matrix Q\n",
      "\n",
      "[[-1.00000000e+00  1.00763351e-05  3.96421385e-08  1.31642623e-12]\n",
      " [-1.00762686e-05 -9.99998990e-01  1.42121664e-03 -1.84879788e-07]\n",
      " [-5.39627535e-08 -1.42121664e-03 -9.99998989e-01  5.21974035e-05]\n",
      " [ 2.27024345e-12 -1.10695783e-07  5.21976135e-05  9.99999999e-01]]\n",
      "\n",
      "Matrix R\n",
      "\n",
      "[[-9.42717549e+00 -1.51425969e-04 -8.17239738e-07  3.32040989e-11]\n",
      " [-1.80654507e-26 -5.60076818e+00 -1.39730867e-02 -6.05104434e-07]\n",
      " [-1.27112442e-23  4.23447186e-27 -4.23100001e+00  3.61835390e-04]\n",
      " [ 3.89466889e-27  8.11239815e-23  5.42101086e-20  2.70104638e+00]]\n",
      "\n",
      "Criterion of convergence: [1.52585322e-09 1.98572576e-05 1.98398965e-05 1.88870106e-08]\n",
      "\n",
      "\n",
      "Frobenious norm: 12.059745022180177\n",
      "\n",
      "Vector of disconnection:\n",
      " [[-4.52450606e-05  5.95964500e-04 -4.84091149e-03  1.34501895e-05]\n",
      " [-1.43270619e-06 -3.55051093e-03 -2.95907434e-05 -8.35454199e-05]\n",
      " [ 2.57449234e-05 -2.54938811e-03  2.68336176e-03 -6.07053745e-05]\n",
      " [ 2.17499347e-05  4.08664756e-03  2.35421584e-03  9.50361384e-05]]\n",
      "\n",
      "Iteration: 23\n",
      "\n",
      "Matrix Q\n",
      "\n",
      "[[-1.00000000e+00  5.98650265e-06  1.77916882e-08 -3.77178539e-13]\n",
      " [-5.98648009e-06 -9.99999424e-01  1.07362931e-03  8.91607835e-08]\n",
      " [-2.42189627e-08 -1.07362931e-03 -9.99999423e-01 -3.33228203e-05]\n",
      " [-6.50463424e-13  5.33843756e-08 -3.33228968e-05  9.99999999e-01]]\n",
      "\n",
      "Matrix R\n",
      "\n",
      "[[-9.42717549e+00 -8.99647163e-05 -3.66784447e-07 -9.51332138e-12]\n",
      " [-1.35525516e-20 -5.60078561e+00 -1.05556852e-02  2.91818908e-07]\n",
      " [-1.55194485e-23  8.67361737e-19 -4.23098686e+00 -2.30995104e-04]\n",
      " [-6.01452042e-28  5.42681280e-23  2.71050543e-20  2.70104637e+00]]\n",
      "\n",
      "Criterion of convergence: [5.38577183e-10 1.13323544e-05 1.13251956e-05 7.69744180e-09]\n",
      "\n",
      "\n",
      "Frobenious norm: 12.059745022180175\n",
      "\n",
      "Vector of disconnection:\n",
      " [[ 2.68805260e-05 -4.48846555e-04  3.65445493e-03  8.62624708e-06]\n",
      " [ 8.52909086e-07  2.68399547e-03  3.79735086e-05 -5.33317201e-05]\n",
      " [-1.52940593e-05  1.93366492e-03 -2.03316219e-03 -3.87785236e-05]\n",
      " [-1.29237201e-05 -3.08077586e-03 -1.77546628e-03  6.06528362e-05]]\n",
      "\n",
      "Iteration: 24\n",
      "\n",
      "Matrix Q\n",
      "\n",
      "[[-1.00000000e+00  3.55666650e-06  7.98502855e-09  1.08068076e-13]\n",
      " [-3.55665886e-06 -9.99999671e-01  8.11047544e-04 -4.29988625e-08]\n",
      " [-1.08696516e-08 -8.11047545e-04 -9.99999671e-01  2.12732726e-05]\n",
      " [ 1.86368852e-13 -2.57452129e-08  2.12733004e-05  1.00000000e+00]]\n",
      "\n",
      "Matrix R\n",
      "\n",
      "[[-9.42717549e+00 -5.34494092e-05 -1.64615602e-07  2.72551003e-12]\n",
      " [ 6.77628277e-21 -5.60079556e+00 -7.97403952e-03 -1.40732936e-07]\n",
      " [ 2.09170637e-23 -1.17874428e-30 -4.23097935e+00  1.47466948e-04]\n",
      " [ 1.33378645e-28 -5.54095900e-26  0.00000000e+00  2.70104636e+00]]\n",
      "\n",
      "Criterion of convergence: [1.90111038e-10 6.46713507e-06 6.46418806e-06 3.13711235e-09]\n",
      "\n",
      "\n",
      "Frobenious norm: 12.059745022180179\n",
      "\n",
      "Vector of disconnection:\n",
      " [[-1.59699912e-05  3.38172451e-04 -2.75908648e-03  5.52614252e-06]\n",
      " [-5.07491644e-07 -2.02867217e-03 -3.84579917e-05 -3.40453559e-05]\n",
      " [ 9.08581247e-06 -1.46529833e-03  1.53993179e-03 -2.47677638e-05]\n",
      " [ 7.67896867e-06  2.32353026e-03  1.33911954e-03  3.87118771e-05]]\n",
      "\n",
      "Iteration: 25\n",
      "\n",
      "Matrix Q\n",
      "\n",
      "[[-1.00000000e+00  2.11306454e-06  3.58373054e-09 -3.09633447e-14]\n",
      " [-2.11306195e-06 -9.99999812e-01  6.12684733e-04  2.07366828e-08]\n",
      " [-4.87837225e-09 -6.12684733e-04 -9.99999812e-01 -1.35808417e-05]\n",
      " [-5.33978506e-14  1.24159046e-08 -1.35808519e-05  1.00000000e+00]]\n",
      "\n",
      "Matrix R\n",
      "\n",
      "[[-9.42717549e+00 -3.17550603e-05 -7.38805818e-08 -7.80686457e-13]\n",
      " [ 3.38813244e-21 -5.60080123e+00 -6.02378036e-03  6.78699659e-08]\n",
      " [ 2.26833956e-26  8.67361738e-19 -4.23097506e+00 -9.41427131e-05]\n",
      " [-4.17586692e-29  2.18390354e-23 -1.35525272e-20  2.70104636e+00]]\n",
      "\n",
      "Criterion of convergence: [6.71001033e-11 3.69061117e-06 3.68939972e-06 1.27853950e-09]\n",
      "\n",
      "\n",
      "Frobenious norm: 12.05974502218018\n",
      "\n",
      "Vector of disconnection:\n",
      " [[ 9.48794064e-06 -2.54879388e-04  2.08328199e-03  3.53713321e-06]\n",
      " [ 3.01850142e-07  1.53317938e-03  3.51768725e-05 -2.17338382e-05]\n",
      " [-5.39774022e-06  1.10959292e-03 -1.16595874e-03 -1.58172606e-05]\n",
      " [-4.56254619e-06 -1.75303195e-03 -1.01013091e-03  2.47093290e-05]]\n",
      "\n",
      "Iteration: 26\n",
      "\n",
      "Matrix Q\n",
      "\n",
      "[[-1.00000000e+00  1.25540016e-06  1.60839965e-09  8.87152570e-15]\n",
      " [-1.25539928e-06 -9.99999893e-01  4.62835979e-04 -1.00004873e-08]\n",
      " [-2.18944384e-09 -4.62835980e-04 -9.99999893e-01  8.66999753e-06]\n",
      " [ 1.52993938e-14 -5.98769945e-09  8.67000123e-06  1.00000000e+00]]\n",
      "\n",
      "Matrix R\n",
      "\n",
      "[[-9.42717549e+00 -1.88661202e-05 -3.31580648e-08  2.23461379e-13]\n",
      " [ 2.66316171e-27 -5.60080447e+00 -4.55050067e-03 -3.27309992e-08]\n",
      " [ 5.75400691e-24 -4.99889391e-30 -4.23097262e+00  6.01005974e-05]\n",
      " [-4.98872310e-29 -5.76573702e-25 -6.77626358e-21  2.70104636e+00]]\n",
      "\n",
      "Criterion of convergence: [2.36877185e-11 2.10611175e-06 2.10561436e-06 5.21072518e-10]\n",
      "\n",
      "\n",
      "Frobenious norm: 12.059745022180183\n",
      "\n",
      "Vector of disconnection:\n",
      " [[-5.63689043e-06  1.92165533e-04 -1.57312964e-03  2.26256761e-06]\n",
      " [-1.79486368e-07 -1.15860326e-03 -3.04189035e-05 -1.38745595e-05]\n",
      " [ 3.20675297e-06 -8.39778809e-04  8.82536681e-04 -1.01003786e-05]\n",
      " [ 2.71083591e-06  1.32297418e-03  7.62065624e-04  1.57723254e-05]]\n",
      "\n",
      "Iteration: 27\n",
      "\n",
      "Matrix Q\n",
      "\n",
      "[[-1.00000000e+00  7.45849983e-07  7.21859122e-10 -2.54184323e-15]\n",
      " [-7.45849685e-07 -9.99999939e-01  3.49636506e-04  4.82283929e-09]\n",
      " [-9.82635461e-10 -3.49636506e-04 -9.99999939e-01 -5.53491817e-06]\n",
      " [-4.38353693e-15  2.88762954e-09 -5.53491952e-06  1.00000000e+00]]\n",
      "\n",
      "Matrix R\n",
      "\n",
      "[[-9.42717549e+00 -1.12086172e-05 -1.48815369e-08 -6.38069050e-14]\n",
      " [ 8.47033739e-22 -5.60080632e+00 -3.43754856e-03  1.57848609e-08]\n",
      " [ 2.11569285e-24  4.33680869e-19 -4.23097122e+00 -3.83681537e-05]\n",
      " [ 9.26426999e-30  3.07037989e-24  3.38813179e-21  2.70104636e+00]]\n",
      "\n",
      "Criterion of convergence: [8.36308800e-12 1.20188411e-06 1.20168010e-06 2.12364348e-10]\n",
      "\n",
      "\n",
      "Frobenious norm: 12.059745022180186\n",
      "\n",
      "Vector of disconnection:\n",
      " [[ 3.34894130e-06 -1.44925936e-04  1.18798025e-03  1.44657625e-06]\n",
      " [ 1.06703781e-07  8.75477642e-04  2.53973275e-05 -8.85737122e-06]\n",
      " [-1.90512277e-06  6.35307281e-04 -6.67829057e-04 -6.44934437e-06]\n",
      " [-1.61061873e-06 -9.98635006e-04 -5.74995786e-04  1.00680251e-05]]\n",
      "\n",
      "Iteration: 28\n",
      "\n",
      "Matrix Q\n",
      "\n",
      "[[-1.00000000e+00  4.43119359e-07  3.23974514e-10  7.28281383e-16]\n",
      " [-4.43119258e-07 -9.99999965e-01  2.64122991e-04 -2.32586377e-09]\n",
      " [-4.41012513e-10 -2.64122991e-04 -9.99999965e-01  3.53348624e-06]\n",
      " [ 1.25595800e-15 -1.39258874e-09  3.53348673e-06  1.00000000e+00]]\n",
      "\n",
      "Matrix R\n",
      "\n",
      "[[-9.42717549e+00 -6.65918919e-06 -6.67891999e-09  1.80631807e-14]\n",
      " [-8.47033038e-22 -5.60080738e+00 -2.59679865e-03 -7.61241027e-09]\n",
      " [-2.30985871e-25 -2.16840434e-19 -4.23097042e+00  2.44941873e-05]\n",
      " [-1.94110497e-30  1.50276080e-24  0.00000000e+00  2.70104636e+00]]\n",
      "\n",
      "Criterion of convergence: [2.95052871e-12 6.85871274e-07 6.85787672e-07 8.65498784e-11]\n",
      "\n",
      "\n",
      "Frobenious norm: 12.059745022180186\n",
      "\n",
      "Vector of disconnection:\n",
      " [[-1.98964565e-06  1.09327973e-04 -8.97175786e-04  9.24533034e-07]\n",
      " [-6.34248227e-08 -6.61500639e-04 -2.07085560e-05 -5.65447709e-06]\n",
      " [ 1.13183562e-06 -4.80465130e-04  5.05236732e-04 -4.11786563e-06]\n",
      " [ 9.56923782e-07  7.53937851e-04  4.33903520e-04  6.42692681e-06]]\n",
      "\n",
      "Iteration: 29\n",
      "\n",
      "Matrix Q\n",
      "\n",
      "[[-1.00000000e+00  2.63263061e-07  1.45401604e-10 -2.08665022e-16]\n",
      " [-2.63263027e-07 -9.99999980e-01  1.99524170e-04  1.12167148e-09]\n",
      " [-1.97928945e-10 -1.99524170e-04 -9.99999980e-01 -2.25577400e-06]\n",
      " [-3.59853361e-16  6.71590020e-10 -2.25577418e-06  1.00000000e+00]]\n",
      "\n",
      "Matrix R\n",
      "\n",
      "[[-9.42717549e+00 -3.95631261e-06 -2.99753720e-09 -4.95682575e-15]\n",
      " [ 2.80627942e-29 -5.60080798e+00 -1.96167737e-03  3.67116238e-09]\n",
      " [ 1.40648593e-25  2.16840434e-19 -4.23096997e+00 -1.56370627e-05]\n",
      " [ 3.17271444e-31  4.30793721e-25  0.00000000e+00  2.70104636e+00]]\n",
      "\n",
      "Criterion of convergence: [1.04094511e-12 3.91401010e-07 3.91366775e-07 3.52740059e-11]\n",
      "\n",
      "\n",
      "Frobenious norm: 12.059745022180188\n",
      "\n",
      "Vector of disconnection:\n",
      " [[ 1.18207259e-06 -8.24927962e-05  6.77587816e-04  5.90722923e-07]\n",
      " [ 3.76952753e-08  4.99799118e-04  1.66039629e-05 -3.60978551e-06]\n",
      " [-6.72428226e-07  3.63271127e-04 -3.82150571e-04 -2.62913447e-06]\n",
      " [-5.68536319e-07 -5.69274288e-04 -3.27472592e-04  4.10270613e-06]]\n",
      "\n",
      "Iteration: 30\n",
      "\n",
      "Matrix Q\n",
      "\n",
      "[[-1.00000000e+00  1.56408052e-07  6.52570627e-11  5.97860831e-17]\n",
      " [-1.56408041e-07 -9.99999989e-01  1.50724810e-04 -5.40937428e-10]\n",
      " [-8.88316360e-11 -1.50724810e-04 -9.99999989e-01  1.44008378e-06]\n",
      " [ 1.03104118e-16 -3.23881068e-10  1.44008384e-06  1.00000000e+00]]\n",
      "\n",
      "Matrix R\n",
      "\n",
      "[[-9.42717549e+00 -2.35049757e-06 -1.34531135e-09  1.20163261e-15]\n",
      " [ 1.03718881e-30 -5.60080832e+00 -1.48189289e-03 -1.77045556e-09]\n",
      " [ 6.88134088e-27 -1.08420217e-19 -4.23096971e+00  9.98268406e-06]\n",
      " [-9.90970747e-33  3.79895545e-25  8.47032947e-22  2.70104636e+00]]\n",
      "\n",
      "Criterion of convergence: [3.64153152e-13 2.23357655e-07 2.23343649e-07 1.43760559e-11]\n",
      "\n",
      "\n",
      "Frobenious norm: 12.059745022180184\n",
      "\n",
      "Vector of disconnection:\n",
      " [[-7.02283918e-07  6.22567166e-05 -5.11764422e-04  3.77359120e-07]\n",
      " [-2.24014221e-08 -3.77611154e-04 -1.31492334e-05 -2.30447118e-06]\n",
      " [ 3.99493897e-07 -2.74609396e-04  2.88998623e-04 -1.67857765e-06]\n",
